0.333453437481987 0.2221175090739291 0.23864279155188253
0.33338553050437797 0.22237314038683506 0.238714876033058
0.33352133063332146 0.22230627907822034 0.2379761248852158
0.33358920996682323 0.22209366124149021 0.23768824609733707
0.33413174820305935 0.2219542312605479 0.2377148760330579
0.33367969426499394 0.22200703055436738 0.23854820936639126
0.336248261083624 0.2205413701601073 0.23968686868686864
0.3335665850571166 0.22212467541184366 0.2382727272727273
0.33374754138966745 0.22201186661201316 0.23760973370064284
0.3341543348467222 0.22181404287719952 0.2383774104683196
0.33365707549092555 0.22200737598705636 0.23798071625344355
0.3336118333421521 0.22202810194839553 0.23798071625344355
0.3333402515005354 0.2223778417319117 0.23933149678604226
0.3349889700615425 0.22172890656803323 0.23973783287419648
0.33336289177120904 0.22230912225496835 0.23960835629017455
0.3358215309192232 0.2216682834400901 0.23933976124885223
0.33374754138966745 0.22182591444861957 0.23847750229568418
0.33577658040680186 0.22162143745311433 0.23968962350780537
0.33370231150593255 0.22190588118919852 0.23844444444444454
0.33338553050437786 0.22200418895057697 0.23905050505050518
0.33352133063332146 0.22221434640098744 0.23838246097337018
0.33358920996682323 0.22208674579028717 0.23821717171717183
0.33732391166895914 0.22107171408836374 0.23885629017447207
0.3332270270736259 0.22233322406385642 0.24040404040404043
0.3318198344218187 0.22481358056077957 0.24061478420569332
0.34152635560425937 0.21892547083660735 0.24264600550964194
0.33331760969204366 0.2224205985571219 0.24025711662075305
0.3318653208682229 0.22320058309706212 0.24223829201101937
0.34491271341342844 0.21835728995939183 0.2407401285583104
0.3337023115059326 0.2226150334992394 0.23663223140495873
0.3330911069581281 0.22269511631381894 0.23663223140495873
0.3316833376550402 0.2250144465906768 0.23686960514233238
0.33288712272779103 0.2227970593312724 0.23646556473829203
0.33279642293675094 0.22295260044113652 0.23657805325987155
0.34300374972738124 0.2186097018045616 0.24184205693296618
0.33227441867856167 0.22384274154995717 0.23754912764003677
0.33338553050437797 0.22249330349787858 0.23762258953168047
0.3326603268827844 0.2225887411737016 0.23886547291092747
0.3317060910167464 0.22490112983794916 0.2379816345270891
0.3323879676015504 0.2229405023076683 0.23818365472910924
0.33250147774769734 0.22284256128229368 0.23878971533516985
0.3326603268827844 0.2225934245982988 0.23845592286501374
0.33218355159412316 0.22412430256064955 0.23753443526170795
0.34247526651730725 0.21864637761050804 0.24062672176308544
0.33288712272779103 0.22242951277071568 0.23866942148760323
0.3326149491567023 0.22260240584821245 0.23840174471992642
0.33272838186819725 0.22261864118459485 0.23758264462809914
0.33272838186819725 0.2225426299263811 0.23882415059687787
0.3326830134247669 0.22269290921272686 0.23683379247015607
0.33245607833991725 0.22289404282613384 0.23766345270890724
0.3301781489785372 0.2305063062022391 0.23946877869605135
0.34436524415749015 0.21814845849500494 0.24307988980716258
0.3361135627195444 0.22119534922451087 0.23708126721763081
0.3303381153307192 0.23043882632811158 0.24046786042240584
0.3325922579719694 0.22251596919662514 0.23984527089072546
0.33236526092037155 0.22289747951831454 0.2394389348025712
0.33254687095753555 0.22304034405182457 0.23737327823691456
0.33231984290352173 0.22330549175723555 0.23717125803489442
0.3322517042372446 0.2243862567130432 0.23717125803489442
0.3325922579719694 0.22265570876929758 0.23696923783287419
0.33281910020177546 0.2225457765153835 0.23796923783287421
0.3329551313568471 0.2224216924024717 0.23820156106519744
0.33338553050437797 0.22261292578756367 0.2366409550045914
0.33038380577670096 0.2303988262451493 0.24024058769513312
0.3429597405641057 0.21827310160865834 0.24211157024793387
0.3343349730641957 0.2225684873243024 0.236593204775023
0.3324106727316557 0.22338714116903471 0.2367952249770432
0.3315467846929775 0.22637754207042934 0.2382093663911846
0.3327737441263571 0.22255499134947684 0.2367952249770432
0.3325241751272005 0.22308715296194628 0.23741643709825533
0.3322289882429449 0.2242256873613988 0.23737970615243348
0.3325695652390195 0.22292374476162877 0.23717401285583103
0.3325695652390195 0.2229480937495432 0.2367736455463729
0.3302924185642266 0.23113063345817367 0.23840771349862264
0.3326603268827844 0.22306197407045178 0.236459595959596
0.33250147774769734 0.22378511484975813 0.23611983471074388
0.3326603268827844 0.22316423944892344 0.23632185491276403
0.3327510637702779 0.2233292444257495 0.2362704315886134
0.3330231260974577 0.2232144161732758 0.23619696969696968
0.33193353885053023 0.22387851329861574 0.23801515151515146
0.3322971315672146 0.22373134989440768 0.23781818181818173
0.33127350990500254 0.22706346230713428 0.23965243342516068
0.3347635981803676 0.22175074957095892 0.23902341597796134
0.33227441867856167 0.2242989719125464 0.23711111111111102
0.3325922579719694 0.2232409115861818 0.23657851239669417
0.33243337631100545 0.2234359308942009 0.23635353535353534
0.3322971315672146 0.22397223955278073 0.23716161616161618
0.33231984290352173 0.22423099459062898 0.2365555555555555
0.3324106727316557 0.22375111813960494 0.23655555555555555
0.33197900971760513 0.22471642206463213 0.2369265381083563
0.3324787788187088 0.22334387709924527 0.23635353535353534
0.334718505594509 0.22236118279125186 0.23675344352617075
0.3303838057767009 0.23206460825010244 0.23672589531680432
0.33279642293675094 0.2233219003094497 0.23632047750229565
0.33279642293675094 0.22367164009296583 0.23531175390266293
0.33209265964666385 0.22584022707813103 0.2355353535353535
0.3326603268827844 0.22455085897857016 0.23490771349862252
0.3324787788187087 0.2247285658676002 0.2354807162534434
0.3328644500969798 0.22417414454793488 0.23487465564738289
0.3327510637702779 0.22428008795031507 0.2348103764921946
0.3321608309389637 0.22580687386388856 0.2357764003673094
0.33270569841979897 0.22409110969769436 0.23514876033057844
0.33651749606407194 0.22199618097784818 0.23593158861340668
0.33263763879353514 0.2244219600600355 0.23527502295684108
0.33036096134361 0.23834950103856792 0.23835445362718072
0.3324106727316557 0.2269005749340277 0.2351730945821854
0.33281910020177546 0.2242997590751604 0.2343030303030302
0.3324106727316557 0.22560432548273474 0.2352727272727272
0.33213810872954674 0.22801866083304 0.23496969696969688
0.3327737441263571 0.22440787950681307 0.23445316804407706
0.33279642293675094 0.224269407344597 0.23445316804407706
0.33252417512720045 0.22683902320919577 0.2340491276400366
0.33281910020177546 0.22444292331323967 0.23425114784205686
0.33234255268780133 0.2336127627904853 0.23465518824609727
0.33270569841979897 0.2244665962665177 0.23503168044077127
0.3323879676015503 0.22807507079448336 0.234590909090909
0.3325695652390194 0.22538988964426773 0.2339242424242423
0.3325241751272005 0.22506299908992505 0.23436363636363627
0.3327510637702779 0.22472582465220117 0.2337222222222221
0.33263763879353514 0.2251675297615866 0.23432828282828275
0.3328417759217465 0.22431333785495974 0.2339242424242423
0.34247526651730725 0.22012223112801638 0.23834986225895302
0.33942051986904986 0.22013794373693613 0.23798943985307616
0.3379944549431647 0.2212285243404011 0.23680532598714407
0.3433775998818631 0.21957936110218854 0.23787603305785116
0.33819535867443656 0.2209404334777866 0.23699081726354446
0.3311139954568839 0.23132627079191687 0.23668181818181816
0.3397538879873425 0.2191308360523577 0.23871074380165283
0.3432237108989856 0.219299041628757 0.23826170798898055
0.33415433484672213 0.22293400161407861 0.2352566574839302
0.3333628917712091 0.22318413999107686 0.2346758494031221
0.3333628917712091 0.22333737553857477 0.23418227731864094
0.3335665850571166 0.22288924367192603 0.23563544536271805
0.3344929514820827 0.2224728730742382 0.23624012855831036
0.33347607006826757 0.22301996553577855 0.2356533516988062
0.33331760969204366 0.22339036330640158 0.23422497704315892
0.3367416941120584 0.22220655497613778 0.23584481175390268
0.33338553050437797 0.22314303350108755 0.23400137741046834
0.3322971315672146 0.2271256796054571 0.23489898989898986
0.33320437757134036 0.22478819283231627 0.23311616161616164
0.33272838186819725 0.2253956345806576 0.23359366391184577
0.33327232146035213 0.22346688066367085 0.2331896235078053
0.33245607833991725 0.22532145562734676 0.23440174471992656
0.33340816770035514 0.22401826645147957 0.23300137741046834
0.3332270270736259 0.22346273238166514 0.23350413223140493
0.33300046272655626 0.22509785780517935 0.23370615243342513
0.33365707549092555 0.22333788163763027 0.2334651056014692
0.333453437481987 0.2231235205708189 0.23546510560146916
0.3329777978131244 0.22388755341230915 0.23386914600550965
0.3355517375211445 0.22221538173915928 0.23548530762167125
0.3330911069581281 0.22346361110310295 0.23386914600550965
0.33453807447051553 0.22287945661838798 0.23531634527089068
0.3325695652390194 0.22457359879927238 0.23438200183654737
0.3333402515005354 0.22332576862945613 0.234354453627181
0.3330231260974577 0.22385390307764222 0.2332823691460056
0.3332270270736259 0.22382055677317744 0.23320431588613416
0.33336289177120904 0.22348911009143624 0.2331056014692379
0.33356658505711656 0.22344171104138966 0.23375482093663916
0.3360012728337676 0.22239483494800916 0.23329017447199263
0.3329324633574092 0.22416796565847746 0.2338622589531681
0.34357535586423055 0.21933041916937554 0.23670569329660235
0.33982052236641563 0.21909534888198642 0.23939118457300274
0.33331760969204366 0.22342105554317032 0.23407943067033976
0.33456063368254013 0.22236702361698402 0.23623829201101923
0.3334760700682675 0.2230741643123015 0.2348562901744721
0.33331760969204366 0.22320226793231984 0.2346542699724519
0.3332723214603521 0.22319206561801724 0.23567217630854007
0.3390645659372471 0.2202215576846469 0.2392364554637282
0.3503834377637154 0.21460073340541752 0.2401455463728191
0.3328417759217465 0.22346503058483713 0.23520523415977967
0.33270569841979897 0.2236168683349427 0.23547015610651986
0.33297779781312437 0.2232175561797927 0.2345739210284666
0.3428937162284121 0.22022251966047474 0.23773829201101931
0.3327510637702779 0.22383356709739352 0.23517998163452716
0.3346508553232061 0.22223001479368193 0.2368820018365473
0.3330684482129289 0.22321721878042208 0.2345739210284666
0.33297779781312437 0.22378760786517393 0.23439715335169892
0.33222898824294483 0.2274502794843526 0.2352695133149679
0.33295513135684707 0.2232624704626793 0.2345739210284666
0.33281910020177546 0.2235099448677237 0.23503856749311297
0.33290979381449565 0.22322378200151283 0.23503856749311303
0.3358889454087447 0.22219399833778783 0.23598071625344355
0.33519167519420406 0.22200455168091202 0.2370702479338843
0.33295513135684707 0.22322085910952896 0.23620569329660243
0.33584400391930985 0.22104507809116333 0.23891276400367298
0.33243337631100545 0.22504542406764524 0.23587511478420564
0.3330684482129289 0.22314024970348226 0.23581955922865006
0.33548425527078185 0.2217868166203938 0.23696969696969689
0.3330684482129289 0.2231923395934967 0.23579660238751138
0.3331364198250267 0.22313396950237643 0.23588246097337
0.3326830134247668 0.22335048844208608 0.23581818181818173
0.3328871227277909 0.22324863708848314 0.2356804407713498
0.3327510637702779 0.2235074786389906 0.23574747474747468
0.3322062706953439 0.2252187497084378 0.2362157943067033
0.3323198429035217 0.22559609753532744 0.23588521579430666
0.33254687095753543 0.22379252981753162 0.2356868686868686
0.33279642293675094 0.2234663721490013 0.23544444444444437
0.33286445009697974 0.2233441513898043 0.23565151515151508
0.33250147774769734 0.22369682333451746 0.23626767676767665
0.33222898824294483 0.2248115587218308 0.23599357208448107
0.33324967503652514 0.2230851957998826 0.2357483930211202
0.3328871227277909 0.22341931358806325 0.23534435261707984
0.3328644500969798 0.2234581787822332 0.23534573002754816
0.33193353885053023 0.23189806090057893 0.23601836547291094
0.3326149491567023 0.22422287838914687 0.23541230486685033
0.3328417759217465 0.22331704820959156 0.2356900826446281
0.33743576141505954 0.2211207602642096 0.2377961432506886
0.3319562750626339 0.22528237544359994 0.23665977961432505
0.34276162940328503 0.2200530940552972 0.23828328741965105
0.3321608309389637 0.22484367840037842 0.23628833792470155
0.3324787788187087 0.22402115435004463 0.23568227731864091
0.3326149491567023 0.22395344150968527 0.23568227731864091
0.3324106727316557 0.22405927244560858 0.23609779614325066
0.33231984290352173 0.22459071538505962 0.23592102846648302
0.33213810872954674 0.22567467821951753 0.23602203856749313
0.33270569841979897 0.22390867985984736 0.23540449954086315
0.3324106727316557 0.22615924056692932 0.2352415059687787
0.3335665850571166 0.21955726838982656 0.24133700642791547
0.3428056639999407 0.219233728987112 0.23838337924701555
0.3443433272825613 0.2190407686803806 0.23831910009182733
0.3318425784243877 0.23278575047218594 0.23535399449035802
0.33340816770035514 0.22006978568855964 0.23983884297520655
0.350943024277885 0.2182327443153634 0.23979843893480263
0.3335439586127202 0.21967759414320465 0.24157667584940312
0.34269556689914593 0.22060598905424775 0.23765013774104665
0.3329324633574092 0.22174061326957809 0.24800000000000005
0.3315923085952037 0.2263073703996074 0.24208999081726368
0.350211077412092 0.21721035085510274 0.2423581267217631
0.34876421546285585 0.21728993754083115 0.24132277318640966
0.3491535136592912 0.2171266893889332 0.24359733700642788
0.3499739433247699 0.21480265592293063 0.24662396694214883
0.3551755700137484 0.2127495856961808 0.24440220385674938
0.3302010060592119 0.22986041688481393 0.24419146005509665
0.3546439440396877 0.21246207131025502 0.24488842975206626
0.33950945004029953 0.2195251730676963 0.24477318640955026
0.3301781489785371 0.23299736748543762 0.24027502295684114
0.331979009717605 0.22618306770911809 0.23633930211202958
0.331979009717605 0.2261890618566782 0.23623829201101945
0.33200174281576345 0.22600817562742462 0.2364035812672178
0.3317970888601957 0.22671742927109706 0.23683287419651072
0.33188806175364477 0.22722078155012557 0.23649173553719022
0.33120515597724604 0.22876763946798448 0.2368994490358128
0.3319108010809738 0.22662034476501228 0.23633011937557408
0.3319562750626339 0.22650425713540043 0.23605371900826463
0.332024474357429 0.22604690425518284 0.23591368227731882
0.33193353885053023 0.2291288639755308 0.23615243342516087
0.33175159305850405 0.2268281135671978 0.23665748393021135
0.33131907135573274 0.22923726832600214 0.23641735537190098
0.33154678469297744 0.22853323111478996 0.23657897153351717
0.3315240203976612 0.22774978112490352 0.23851331496786063
0.33070346214428087 0.22653989664327995 0.2398516988062444
0.3316150682027574 0.22731555307847354 0.2368305785123969
0.33186532086822285 0.22665644031819493 0.2366170798898074
0.3320472043429211 0.22593378030209424 0.23658034894398555
0.332024474357429 0.22602847705878645 0.23611570247933908
0.33127350990500254 0.22789618011576226 0.2371363636363638
0.33127350990500254 0.2406402531969628 0.23632231404958698
0.3297435634096029 0.2344348431837767 0.23991919191919206
0.3299037404871629 0.23330293231514307 0.24115886134067974
0.33156954742538425 0.22549522291502158 0.24231450872359978
0.3300409732520451 0.23294770017947206 0.24147428833792478
0.3300181050874854 0.23390282680119714 0.24063085399449036
0.3549417526844963 0.21337808227853208 0.2442162534435261
0.35553662161326793 0.21378945255687695 0.2440275482093664
0.3558548923402848 0.2140353240059373 0.2436790633608816
