0.3371448748930742 0.2642076617952513 0.2474155188246097
0.3367192810247676 0.2651297650059901 0.2474155188246097
0.3364502075171968 0.26715564379838 0.2478195592286501
0.3363829055102188 0.2677654293998532 0.24822359963269053
0.33763699758522425 0.2652404869968923 0.24721349862258948
0.3377040496606943 0.2640924306409648 0.2478195592286501
0.33859680852326174 0.263441331424713 0.24741551882460974
0.33855222649229916 0.2640283822296668 0.24808356290174463
0.34423372197667085 0.26305354151986493 0.24931083562901737
0.3369881396864111 0.2642933130354828 0.2474155188246097
0.3378604527531909 0.2674161574026441 0.24691276400367304
0.33649506804351537 0.2658671043665034 0.24841276400367307
0.3385299332751396 0.2652553325692003 0.24711478420569324
0.33689854397254015 0.2649627615867378 0.24751882460973368
0.3446281379387346 0.26248983553803173 0.2490408631772268
0.33656234762147413 0.2654604985762401 0.24759228650137738
0.3369209451346713 0.2626188021450132 0.25405325987144173
0.3447814000732609 0.2623817070730608 0.24876400367309456
0.33683133154733347 0.26472169159025993 0.24759228650137738
0.3374581269155976 0.26525363444929106 0.24739026629935718
0.3411283533497611 0.26143219929222894 0.25021487603305786
0.33707771158562044 0.2637839765522322 0.2488282828282828
0.3382399877426915 0.26411691804913373 0.24779430670339764
0.3447595096539838 0.2626069613195532 0.24817309458218548
0.33732391166895914 0.2682133814437604 0.24739026629935718
0.3372344051622806 0.26417516702253124 0.24789531680440766
0.33685373717916844 0.26576734229361865 0.24739026629935723
0.33685373717916844 0.26432336567942466 0.2479573002754821
0.3369209451346713 0.26261713183274416 0.2543815426997246
0.33651749606407194 0.26497716347269323 0.24779430670339758
0.3361584681712933 0.2666128292754781 0.2490959595959595
0.3362707055652984 0.26736817006651575 0.24843709825528001
0.3443433272825613 0.2626909175296133 0.24759228650137738
0.337927460490353 0.26341986055567357 0.24823507805325987
0.3369881396864111 0.26253145649255727 0.2545642791551883
0.3369657429913099 0.26459471510660065 0.24783333333333335
0.336786515811878 0.2642607107398867 0.24933700642791554
0.34064127463861654 0.2629577332440354 0.2494494949494949
0.3367192810247676 0.26483170973888553 0.2478333333333333
0.3360012728337676 0.26673097528842965 0.24921854912764
0.33718964299917625 0.2640925900714366 0.24807208448117535
0.3377710884254314 0.2635892186360335 0.24996602387511477
0.3423209718944226 0.26173283696220856 0.24948622589531674
0.3378604527531909 0.26356077428489694 0.24827410468319555
0.33756993219108955 0.26243876003213384 0.2543714416896236
0.3372344051622806 0.26386272717200215 0.2482741046831956
0.33683133154733347 0.2641263491648753 0.24847612488521575
0.33683133154733347 0.26452045511178696 0.24841184573002756
0.33636046851536255 0.2654663227320428 0.25003810835629015
0.3411062284970722 0.2616144598368675 0.25004407713498616
0.3418135134651955 0.26033723401372477 0.25075114784205693
0.3370329286116617 0.2624846333696417 0.25408448117539034
0.33667445037393484 0.26475327550826844 0.24929430670339756
0.3367192810247676 0.264583982593287 0.24865518824609736
0.34130530053912234 0.2609782284390359 0.25078787878787884
0.33633803002374196 0.26672445223393065 0.24903397612488526
0.3377934317237729 0.2636538194924547 0.24902892561983478
0.33710010084160663 0.2641922594521867 0.24842791551882462
0.3411283533497611 0.2616091652621283 0.25008080808080807
0.33680892442500243 0.26452209576257274 0.24842791551882462
0.34423372197667085 0.2613460618957949 0.24943434343434345
0.3366968664454925 0.2648493669726155 0.249123507805326
0.3362258151036865 0.26642731585485563 0.24963636363636366
0.33964280163784205 0.2616960286126156 0.25024242424242427
0.3366968664454925 0.26474511242093124 0.24952525252525257
0.33656234762147413 0.2645441571085998 0.250305785123967
0.3381060828651863 0.2631868103388749 0.24987649219467403
0.3406855832973662 0.26127576322575874 0.2502552800734619
0.3372344051622806 0.26215954907603223 0.2548259871441691
0.33743576141505954 0.2637552154187018 0.24987649219467403
0.33705532084240425 0.26390829524341325 0.2498764921946741
0.3372344051622806 0.26352141063174883 0.2511161616161617
0.33832922821811695 0.26294107787184 0.251182277318641
0.3369657429913099 0.26403857651065155 0.25058585858585863
0.3370329286116617 0.26412007205350696 0.2504481175390266
0.33752521452515444 0.2636156896558869 0.25011983471074384
0.33743576141505954 0.26369999006274114 0.24995454545454548
0.33759228880280945 0.2637673760088392 0.24975252525252528
0.33718964299917625 0.26341001260620994 0.2512929292929293
0.33817304193165393 0.26304589660965144 0.2501565656565657
0.33633803002374196 0.26630718870200987 0.2505606060606061
0.33910908061191625 0.2630345045215755 0.2509494949494949
0.33830692030616816 0.2629137485228184 0.2513636363636364
0.3379051260543948 0.26354074598635907 0.2503861340679523
0.3416810090562329 0.25968588761844635 0.2511942148760331
0.3369433448074956 0.26395298953696644 0.25068916437098254
0.33759228880280945 0.26184239366763284 0.2558737373737374
0.33739102596618614 0.2637345667008082 0.2502851239669422
0.3371448748930742 0.26181108782602885 0.2567130394857669
0.3369881396864111 0.2635598339934098 0.2522396694214876
0.33707771158562044 0.2635771297278142 0.25089118457300275
0.3372567840159481 0.2635134866901195 0.2508911845730028
0.33743576141505954 0.2632672284058835 0.25209182736455465
0.33707771158562044 0.26231334695581504 0.2563457300275483
0.3371448748930742 0.2635708878394574 0.25068916437098254
0.33750285347035053 0.2635061800781077 0.25085445362718095
0.336248261083624 0.26633179475611124 0.2522043158861341
0.3374804909339298 0.2633954265718794 0.2508875114784206
0.3369433448074956 0.26375759513477576 0.251291551882461
0.34139373974135956 0.26088192007509353 0.25348622589531683
0.33756993219108955 0.26327415312630004 0.2510895316804408
0.33685373717916844 0.2627413300241504 0.2570720844811756
0.33680892442500254 0.263814563720818 0.25168273645546374
0.33734628458495053 0.2634594496473269 0.25095179063360884
0.3362707055652984 0.2660385947030275 0.25159458218549124
0.3386859549798735 0.26283323579747586 0.25176905417814505
0.3374581269155976 0.2634480077302084 0.25119054178145084
0.3376817004482328 0.2630087013906868 0.25184481175390266
0.3369209451346714 0.2639103869959218 0.2511905417814509
0.3372791613847534 0.2601069178949219 0.26001744719926556
0.33739102596618614 0.26215050355957203 0.2563810835629018
0.34163682949945573 0.2608682448954742 0.2531487603305785
0.3386190973376443 0.26282258361734573 0.2535110192837466
0.33917584166966697 0.2627680554185923 0.2514063360881542
0.3415926442287581 0.2606971698197147 0.25399219467401285
0.33750285347035053 0.26171503343853575 0.25625482093663915
0.33765934975650735 0.2615915372355642 0.25650734618916443
0.33828461092314166 0.2628411238981474 0.2514531680440771
0.33877507797817635 0.26270808473092455 0.2532750229568411
0.33881963068624693 0.260792243468241 0.25351606978879704
0.3387305194101562 0.26274945384862963 0.25237741046831946
0.34130530053912234 0.2606383300884449 0.2548324150596878
0.34090704020728735 0.2608971191134094 0.25348989898989893
0.34041964483736087 0.2607219686734571 0.2540316804407713
0.3393093243783066 0.26273621134465897 0.25252800734618913
0.3359338808858731 0.2719533836392046 0.2570298438934803
0.336786515811878 0.26421687662934457 0.253479797979798
0.34099558270069075 0.25977552400252696 0.25789761248852155
0.34192389458114003 0.25876264284605793 0.25974242424242433
0.3366071932025863 0.26441245085427695 0.25642607897153347
0.33588894540874475 0.2734061035934985 0.25954591368227736
0.3370105348930961 0.26168406297882885 0.2631368227731865
