0.35879077135576226 0.2055305889427618 0.2763953168044125
0.36479855731812266 0.20406489394343774 0.27629430670340244
0.35879077135576226 0.20743553848636617 0.27608861340679997
0.35942126787203643 0.2059211243886422 0.2761932966023923
0.3586855808531334 0.20591449751895224 0.27649632690542264
0.3611181099144379 0.214556627695938 0.275890266299362
0.36069987872984277 0.20479079694836125 0.27710238751148325
0.35727304006492383 0.20758266859956528 0.2781629935720893
0.35860140623463693 0.2055858581729996 0.2769370982552849
0.3589800365851375 0.20628208177431076 0.27636776859504614
0.35900105989577424 0.2052266671086232 0.27734986225895797
0.3591271739147918 0.2053839326829912 0.27649632690542264
0.3585172118531668 0.20582841618721495 0.27690036730946305
0.35828557528753435 0.20755863979641898 0.27669834710744284
0.3587697357225666 0.20553542500040758 0.2769141414141462
0.35860140623463693 0.2057142528463213 0.2768888888888937
0.3608044819758154 0.2046581143930596 0.277329660238756
0.35984098514648793 0.20499753557577824 0.277329660238756
0.3582013066707447 0.2070595654804549 0.27690036730946305
0.35853826230207453 0.2057197655565515 0.27692561983471553
0.35879077135576226 0.20539554283328124 0.2767235996326953
0.3587697357225666 0.20589419299785255 0.2765215794306751
0.3591692020806773 0.20537875922597468 0.2769141414141462
0.3651294248007765 0.2035125711737036 0.27648117539027106
0.35887490155840296 0.20548499182781557 0.2765821854912812
0.35885387085683057 0.20523773926594702 0.27773370064279634
0.35885387085683057 0.20531466694040004 0.27755831037649703
0.3595472344998331 0.205350795862751 0.2763195592286549
0.3587486988559228 0.2055858581729996 0.2767235996326953
0.35860140623463693 0.2068729403721628 0.27664784205693776
0.36751930595762217 0.20330062605716379 0.27761248852158427
0.3593792691843769 0.2053250042603695 0.27685215794307183
0.3583487637455826 0.20609381292549486 0.2769219467401334
0.35811701822468356 0.20654691000083084 0.27783471074380645
0.3587066214214233 0.20553250087252875 0.27701285583104246
0.36184885131083194 0.20436203650198764 0.2781010101010149
0.3584540530892357 0.2058829037137826 0.2770633608815475
0.3578640337707418 0.20693556441432237 0.2777979797979846
0.35744199511838814 0.20712989162106818 0.27769696969697455
0.3589169592646727 0.20634533426914425 0.27630808080808567
0.35935826799988085 0.20518909422111303 0.2777185491276448
0.3587697357225666 0.20549173178191008 0.2777589531680489
0.3588118057557269 0.20526674606416567 0.27830303030303516
0.36585215421278894 0.20285922920102828 0.28171717171717653
0.3586855808531334 0.205525752885116 0.2792626262626311
0.35830663934504775 0.20628064133853613 0.2777979797979846
0.364943348752573 0.20382553318992525 0.277191919191924
0.35853826230207453 0.20539747685772725 0.28022222222222704
0.3591271739147918 0.20522646262415614 0.2830895316804456
0.36479855731812266 0.2035125711737036 0.27722865013774584
0.3577796658673828 0.2062814273678391 0.2797171717171766
0.3595472344998331 0.2051782475999957 0.27860238751148325
0.35849616016820307 0.2057991761443214 0.2781377410468368
0.3597151213856031 0.2051778809445936 0.27919834710744285
0.36467440461821254 0.20387323997785922 0.2777337006427964
0.36184885131083194 0.20431436679090756 0.278339761248857
0.35799054834506805 0.20624794078927722 0.2792713498622638
0.3647571777801478 0.20386381009801316 0.27852892561983955
0.36023926360687725 0.20485238216448665 0.27952525252525734
0.35767417800291773 0.20702944053664848 0.2801588613406844
0.36657345870770686 0.20268258518181045 0.2814040404040453
0.3569560337953305 0.21789560180329384 0.2905064279155239
